a = [1 2 3 4 5];
b = [ 1 2 3 4 5];
c = [a,
    b, 
    0, ...
    0, ...
    0, ...
    0, ...
    0 ]
